0 6.365674e+01
1 4.505386e+02
2 1.805716e+01
3 3.327556e+00
4 1.031769e+00
5 4.203088e-01
6 2.029162e-01
7 1.100639e-01
8 6.500344e-02
9 4.097256e-02
10 2.719034e-02
11 1.881531e-02
12 1.348034e-02
13 9.945985e-03
14 7.525613e-03
15 5.820368e-03
16 4.589030e-03
17 3.680545e-03
18 2.997411e-03
19 2.474987e-03
20 2.069394e-03
21 1.750208e-03
22 1.495931e-03
23 1.291107e-03
24 1.124454e-03
25 9.876118e-04
26 8.743104e-04
27 7.797876e-04
28 7.003874e-04
29 6.332743e-04
30 5.762285e-04
31 5.274969e-04
32 4.856842e-04
33 4.496714e-04
34 4.185551e-04
35 3.916016e-04
36 3.682117e-04
37 3.478934e-04
38 3.302416e-04
39 3.149212e-04
40 3.016545e-04
41 2.902113e-04
42 2.804007e-04
43 2.720647e-04
44 2.650735e-04
45 2.593214e-04
46 2.547232e-04
47 2.512126e-04
48 2.487395e-04
49 2.472693e-04
