0 0.000000e+00
1 0.000000e+00
2 0.000000e+00
3 0.000000e+00
4 0.000000e+00
5 0.000000e+00
6 0.000000e+00
7 0.000000e+00
8 0.000000e+00
9 0.000000e+00
10 0.000000e+00
11 0.000000e+00
12 0.000000e+00
13 0.000000e+00
14 0.000000e+00
15 0.000000e+00
16 0.000000e+00
17 0.000000e+00
18 0.000000e+00
19 0.000000e+00
20 0.000000e+00
21 0.000000e+00
22 0.000000e+00
23 0.000000e+00
24 0.000000e+00
25 0.000000e+00
26 0.000000e+00
27 0.000000e+00
28 0.000000e+00
29 0.000000e+00
30 0.000000e+00
31 0.000000e+00
32 0.000000e+00
33 1.000000e+00
34 1.000000e+00
35 1.000000e+00
36 1.000000e+00
37 1.000000e+00
38 1.000000e+00
39 1.000000e+00
40 1.000000e+00
41 1.000000e+00
42 1.000000e+00
43 1.000000e+00
44 1.000000e+00
45 1.000000e+00
46 1.000000e+00
47 1.000000e+00
48 1.000000e+00
49 1.000000e+00
50 1.000000e+00
51 1.000000e+00
52 1.000000e+00
53 1.000000e+00
54 1.000000e+00
55 1.000000e+00
56 1.000000e+00
57 1.000000e+00
58 1.000000e+00
59 1.000000e+00
60 1.000000e+00
61 1.000000e+00
62 1.000000e+00
63 1.000000e+00
64 1.000000e+00
65 1.000000e+00
66 0.000000e+00
67 0.000000e+00
68 0.000000e+00
69 0.000000e+00
70 0.000000e+00
71 0.000000e+00
72 0.000000e+00
73 0.000000e+00
74 0.000000e+00
75 0.000000e+00
76 0.000000e+00
77 0.000000e+00
78 0.000000e+00
79 0.000000e+00
80 0.000000e+00
81 0.000000e+00
82 0.000000e+00
83 0.000000e+00
84 0.000000e+00
85 0.000000e+00
86 0.000000e+00
87 0.000000e+00
88 0.000000e+00
89 0.000000e+00
90 0.000000e+00
91 0.000000e+00
92 0.000000e+00
93 0.000000e+00
94 0.000000e+00
95 0.000000e+00
96 0.000000e+00
97 0.000000e+00
98 0.000000e+00
99 0.000000e+00

0 3.300000e+01
1 -2.734870e+01
2 -1.720635e+00
3 1.384599e+01
4 1.749155e+00
5 -3.278604e-01
6 -6.254271e-02
7 -6.525020e+00
8 -1.675340e+00
9 5.416949e+00
10 1.760074e+00
11 -3.115633e-01
12 -1.233567e-01
13 -3.430612e+00
14 -1.614324e+00
15 3.188332e+00
16 1.752800e+00
17 -2.848058e-01
18 -1.807432e-01
19 -2.118034e+00
20 -1.538842e+00
21 2.087579e+00
22 1.726995e+00
23 -2.481877e-01
24 -2.330638e-01
25 -1.361957e+00
26 -1.450337e+00
27 1.391946e+00
28 1.682574e+00
29 -2.025370e-01
30 -2.787683e-01
31 -8.569974e-01
32 -1.350412e+00
33 8.904438e-01
34 1.619711e+00
35 -1.488972e-01
36 -3.164226e-01
37 -4.912693e-01
38 -1.240805e+00
39 5.000000e-01
40 1.538842e+00
41 -8.851263e-02
42 -3.447340e-01
43 -2.142924e-01
44 -1.123360e+00
45 1.819969e-01
46 1.440654e+00
47 -2.281124e-02
48 -3.625743e-01
49 0.000000e+00
50 -1.000000e+00
51 -8.342998e-02
52 1.326082e+00
53 4.661557e-02
54 -3.690003e-01
55 1.664752e-01
56 -8.726935e-01
57 -3.071557e-01
58 1.196293e+00
59 1.180340e-01
60 -3.632713e-01
61 2.943427e-01
62 -7.434248e-01
63 -4.953497e-01
64 1.052672e+00
65 1.895902e-01
66 -3.448633e-01
67 3.897595e-01
68 -6.141627e-01
69 -6.515650e-01
70 8.968022e-01
71 2.593329e-01
72 -3.134796e-01
73 4.571633e-01
74 -4.868295e-01
75 -7.778434e-01
76 7.304436e-01
77 3.252354e-01
78 -2.690581e-01
79 5.000000e-01
80 -3.632713e-01
81 -8.753372e-01
82 5.555059e-01
83 3.852155e-01
84 -2.117740e-01
85 5.211390e-01
86 -2.452294e-01
87 -9.446746e-01
88 3.740231e-01
89 4.371527e-01
90 -1.420395e-01
91 5.231178e-01
92 -1.343138e-01
93 -9.861792e-01
94 1.881238e-01
95 4.788999e-01
96 -6.049913e-02
97 5.082877e-01
98 -3.197875e-02
99 -1.000000e+00

0 3.300000e+01
1 7.509122e+02
2 1.947709e+02
3 1.114040e-01
4 4.538265e+01
5 3.244120e+01
6 1.122886e-01
7 1.437514e+01
8 1.323777e+01
9 1.137824e-01
10 6.854102e+00
11 7.340498e+00
12 1.159159e-01
13 3.958404e+00
14 4.768569e+00
15 1.187330e-01
16 2.558057e+00
17 3.416355e+00
18 1.222936e-01
19 1.780942e+00
20 2.618034e+00
21 1.266760e-01
22 1.307859e+00
23 2.108606e+00
24 1.319804e-01
25 1.000000e+00
26 1.765453e+00
27 1.383342e-01
28 7.893079e-01
29 1.525460e+00
30 1.458980e-01
31 6.393181e-01
32 1.353489e+00
33 1.548751e-01
34 5.291083e-01
35 1.228791e+00
36 1.655230e-01
37 4.460012e-01
38 1.138588e+00
39 1.781703e-01
40 3.819660e-01
41 1.074802e+00
42 1.932392e-01
43 3.317233e-01
44 1.032303e+00
45 2.112777e-01
46 2.916924e-01
47 1.007940e+00
48 2.330053e-01
49 2.593791e-01
50 2.073495e-317

0 3.122705e-02
1 3.537979e-02
2 3.496736e-02
3 3.037812e-02
4 2.250158e-02
5 1.259884e-02
6 2.130546e-03
7 -7.436952e-03
8 -1.482398e-02
9 -1.910536e-02
10 -1.983327e-02
11 -1.709969e-02
12 -1.152965e-02
13 -4.204228e-03
14 3.479657e-03
15 9.998383e-03
16 1.391939e-02
17 1.412336e-02
18 1.000530e-02
19 1.630310e-03
20 -1.017626e-02
21 -2.381819e-02
22 -3.700338e-02
23 -4.690192e-02
24 -5.037540e-02
25 -4.425830e-02
26 -2.566570e-02
27 7.702225e-03
28 5.728909e-02
29 1.234732e-01
30 2.054434e-01
31 3.011767e-01
32 4.075237e-01
33 5.203984e-01
34 6.350601e-01
35 7.464638e-01
36 8.496496e-01
37 9.401373e-01
38 1.014290e+00
39 1.069614e+00
40 1.104967e+00
41 1.120647e+00
42 1.118368e+00
43 1.101102e+00
44 1.072813e+00
45 1.038105e+00
46 1.001809e+00
47 9.685445e-01
48 9.423026e-01
49 9.260819e-01
50 9.216117e-01
51 9.291881e-01
52 9.476397e-01
53 9.744251e-01
54 1.005855e+00
55 1.037422e+00
56 1.064199e+00
57 1.081291e+00
58 1.084276e+00
59 1.069614e+00
60 1.034981e+00
61 9.794937e-01
62 9.038191e-01
63 8.101439e-01
64 7.020173e-01
65 5.840784e-01
66 4.616932e-01
67 3.405332e-01
68 2.261343e-01
69 1.234732e-01
70 3.659819e-02
71 -3.165421e-02
72 -7.983519e-02
73 -1.079384e-01
74 -1.173326e-01
75 -1.105820e-01
76 -9.117288e-02
77 -6.317463e-02
78 -3.086717e-02
79 1.630310e-03
80 3.069621e-02
81 5.347980e-02
82 6.808888e-02
83 7.367844e-02
84 7.043683e-02
85 5.947583e-02
86 4.263984e-02
87 2.225675e-02
88 8.576350e-04
89 -1.910536e-02
90 -3.551489e-02
91 -4.679339e-02
92 -5.203895e-02
93 -5.108122e-02
94 -4.445560e-02
95 -3.330193e-02
96 -1.920213e-02
97 -3.976648e-03
98 1.053615e-02
99 2.269292e-02
