0 0.000000e+00
1 3.141076e-02
2 6.279052e-02
3 9.410831e-02
4 1.253332e-01
5 1.564345e-01
6 1.873813e-01
7 2.181432e-01
8 2.486899e-01
9 2.789911e-01
10 3.090170e-01
11 3.387379e-01
12 3.681245e-01
13 3.971479e-01
14 4.257793e-01
15 4.539905e-01
16 4.817537e-01
17 5.090414e-01
18 5.358268e-01
19 5.620834e-01
20 5.877852e-01
21 6.129070e-01
22 6.374240e-01
23 6.613119e-01
24 6.845471e-01
25 7.071068e-01
26 7.289686e-01
27 7.501111e-01
28 7.705132e-01
29 7.901550e-01
30 8.090170e-01
31 8.270806e-01
32 8.443279e-01
33 8.607420e-01
34 8.763067e-01
35 8.910065e-01
36 9.048270e-01
37 9.177546e-01
38 9.297765e-01
39 9.408808e-01
40 9.510565e-01
41 9.602937e-01
42 9.685832e-01
43 9.759168e-01
44 9.822872e-01
45 9.876883e-01
46 9.921147e-01
47 9.955620e-01
48 9.980267e-01
49 9.995066e-01
50 1.000000e+00
51 9.995066e-01
52 9.980267e-01
53 9.955620e-01
54 9.921147e-01
55 9.876883e-01
56 9.822873e-01
57 9.759168e-01
58 9.685832e-01
59 9.602937e-01
60 9.510565e-01
61 9.408808e-01
62 9.297765e-01
63 9.177546e-01
64 9.048271e-01
65 8.910065e-01
66 8.763067e-01
67 8.607420e-01
68 8.443279e-01
69 8.270806e-01
70 8.090170e-01
71 7.901550e-01
72 7.705133e-01
73 7.501111e-01
74 7.289687e-01
75 7.071068e-01
76 6.845471e-01
77 6.613119e-01
78 6.374240e-01
79 6.129071e-01
80 5.877853e-01
81 5.620834e-01
82 5.358268e-01
83 5.090415e-01
84 4.817537e-01
85 4.539905e-01
86 4.257793e-01
87 3.971479e-01
88 3.681246e-01
89 3.387380e-01
90 3.090170e-01
91 2.789912e-01
92 2.486899e-01
93 2.181433e-01
94 1.873814e-01
95 1.564345e-01
96 1.253333e-01
97 9.410837e-02
98 6.279057e-02
99 3.141081e-02
