0 5.729744e-02
1 6.072435e-02
2 7.086608e-02
3 8.731527e-02
4 1.094241e-01
5 1.363486e-01
6 1.671049e-01
7 2.006341e-01
8 2.358699e-01
9 2.718028e-01
10 3.075381e-01
11 3.423418e-01
12 3.756709e-01
13 4.071884e-01
14 4.367604e-01
15 4.644375e-01
16 4.904233e-01
17 5.150325e-01
18 5.386433e-01
19 5.616488e-01
20 5.844120e-01
21 6.072265e-01
22 6.302896e-01
23 6.536852e-01
24 6.773815e-01
25 7.012396e-01
26 7.250340e-01
27 7.484797e-01
28 7.712656e-01
29 7.930875e-01
30 8.136799e-01
31 8.328411e-01
32 8.504510e-01
33 8.664790e-01
34 8.809821e-01
35 8.940931e-01
36 9.060017e-01
37 9.169292e-01
38 9.271011e-01
39 9.367201e-01
40 9.459422e-01
41 9.548591e-01
42 9.634874e-01
43 9.717680e-01
44 9.795724e-01
45 9.867182e-01
46 9.929897e-01
47 9.981626e-01
48 1.002029e+00
49 1.004422e+00
50 1.005232e+00
51 1.004422e+00
52 1.002029e+00
53 9.981626e-01
54 9.929897e-01
55 9.867182e-01
56 9.795724e-01
57 9.717680e-01
58 9.634874e-01
59 9.548591e-01
60 9.459422e-01
61 9.367201e-01
62 9.271011e-01
63 9.169292e-01
64 9.060017e-01
65 8.940931e-01
66 8.809821e-01
67 8.664790e-01
68 8.504510e-01
69 8.328411e-01
70 8.136800e-01
71 7.930876e-01
72 7.712656e-01
73 7.484797e-01
74 7.250340e-01
75 7.012397e-01
76 6.773815e-01
77 6.536853e-01
78 6.302896e-01
79 6.072266e-01
80 5.844120e-01
81 5.616489e-01
82 5.386433e-01
83 5.150325e-01
84 4.904234e-01
85 4.644376e-01
86 4.367605e-01
87 4.071885e-01
88 3.756710e-01
89 3.423419e-01
90 3.075382e-01
91 2.718028e-01
92 2.358699e-01
93 2.006342e-01
94 1.671049e-01
95 1.363486e-01
96 1.094242e-01
97 8.731530e-02
98 7.086610e-02
99 6.072435e-02
